1142298697 
1142298697 
1142298697 
null
1133208730 1142298697 
499831318 
1133208730 1142298697 
1133208730 1142298697 
1133208730 1142298697 
1968615718 
1133208730 1142298697 
638819365 
1133208730 1142298697 
406201792 
499831318 
1204680188 
499831318 
null
720139294 1840411406 
499831318 
1834293884 
406201792 1102167965 
null
194033263 1449047025 
720139294 1840411406 
null
null
1079530486 
261656095 896392923 
638819365 1248722174 1552510412 
1204680188 
83448893 
499831318 
1379293720 
1255539406 
720139294 1840411406 
194033263 1449047025 
1204680188 
83448893 1667035566 
null
1303367746 
83448893 1667035566 
null
194033263 1449047025 
1476629021 
499831318 
194033263 1369816281 1449047025 
83448893 1667035566 
1303367746 
527971449 773786622 1907744626 
222316668 1014923517 1631219680 
194033263 1369816281 1449047025 
1476629021 1733059094 
83448893 1667035566 
1546975222 1626711793 1866042017 1898438566 
81199370 
1789489849 
1255539406 1510928367 
222316668 1014923517 1631219680 
380850046 527971449 773786622 1907744626 1946098847 
261656095 861009825 896392923 1074112704 1214846386 
63773138 170607484 
469142782 636070835 
72363759 380850046 527971449 773786622 1907744626 1946098847 
261656095 861009825 896392923 1074112704 1214846386 
222316668 1014923517 1631219680 
null
83448893 1667035566 
175434573 2085748459 
1379293720 
null
63773138 170607484 
889294641 1133208730 1142298697 
222316668 1014923517 1631219680 
1789489849 
893961374 1204680188 
72363759 380850046 405313219 527971449 773786622 1907744626 1946098847 
63773138 170607484 
null
63773138 170607484 
1789489849 
889294641 961751321 1089306787 1133208730 1142298697 
72363759 380850046 405313219 527971449 773786622 1907744626 1946098847 
889294641 961751321 1089306787 1133208730 1142298697 
1546975222 1626711793 1866042017 1898438566 2116289812 
1546975222 1626711793 1866042017 1898438566 2116289812 
1522523045 
261656095 861009825 896392923 1074112704 1214846386 
83448893 1667035566 1838726571 
194033263 1260582291 1369816281 1449047025 
190402236 406201792 1086934468 1102167965 1609947423 
194033263 1260582291 1369816281 1449047025 
190402236 406201792 1086934468 1102167965 1609947423 
190402236 406201792 1086934468 1102167965 1609947423 
1546975222 1626711793 1866042017 1898438566 2116289812 
null
175434573 1599973348 2085748459 
1063384271 1547424078 1632900019 1968615718 
null
190402236 406201792 1086934468 1102167965 1609947423 
1546975222 1626711793 1866042017 1898438566 2116289812 
null
638819365 1248722174 1552510412 1685456658 
190402236 406201792 1086934468 1102167965 1609947423 
1546975222 1626711793 1866042017 1898438566 2116289812 
499831318 652206946 710653717 1500553696 
261656095 624326028 861009825 896392923 978957223 1074112704 1214846386 1973583998 
72363759 380850046 405313219 527971449 773786622 1907744626 1946098847 
1546975222 1626711793 1866042017 1898438566 2116289812 
469142782 636070835 704089243 1506889357 1566219737 1893262522 
1079530486 1571179443 1759571604 1861255914 
1063384271 1547424078 1632900019 1968615718 
83448893 228951639 1667035566 1797242597 1838726571 
762973389 1365196506 1452839153 1549005660 2095533898 
163011772 222316668 1014923517 1631219680 
1546975222 1626711793 1866042017 1898438566 2116289812 
175434573 1480259508 1599973348 2085748459 
null
83448893 228951639 1667035566 1797242597 1838726571 
1546975222 1626711793 1866042017 1898438566 2116289812 
63773138 170607484 
1239082962 1255539406 1502416198 1510928367 1563472211 2012096572 
1239082962 1255539406 1502416198 1510928367 1563472211 2012096572 
null
83448893 228951639 1667035566 1797242597 1838726571 
762973389 1365196506 1452839153 1549005660 2095533898 
81199370 644090326 
646710706 1079530486 1571179443 1759571604 1861255914 
1476629021 1727668109 1733059094 1929690558 2005084755 
255290473 1332331331 1491233725 1834293884 
1522523045 
72363759 380850046 405313219 527971449 773786622 1907744626 1946098847 2143348891 
83448893 228951639 1667035566 1797242597 1838726571 
889294641 961751321 1089306787 1133208730 1142298697 
null
1546975222 1626711793 1866042017 1898438566 2116289812 
null
889294641 961751321 1089306787 1133208730 1142298697 
92249145 185875209 1117843690 
1546975222 1626711793 1866042017 1898438566 2116289812 
261656095 624326028 861009825 896392923 978957223 1074112704 1214846386 1973583998 
83448893 228951639 1667035566 1790756720 1797242597 1838726571 
1092874724 1379293720 
83448893 228951639 362294818 1667035566 1790756720 1797242597 1838726571 
198440786 720139294 1840411406 2118371720 
255290473 1332331331 1491233725 1834293884 
163011772 222316668 1014923517 1385465345 1631219680 1751656791 
705687950 1476629021 1477686181 1727668109 1733059094 1929690558 2005084755 
638819365 1248722174 1552510412 1685456658 
198440786 720139294 1840411406 2118371720 
72363759 380850046 405313219 527971449 773786622 852926223 1907744626 1946098847 2143348891 
171240174 595060255 1362850026 
163011772 222316668 1014923517 1385465345 1631219680 1751656791 
190402236 406201792 1086934468 1102167965 1274619120 1609947423 
null
705687950 1476629021 1477686181 1727668109 1733059094 1929690558 2005084755 
194033263 313001138 1260582291 1369816281 1449047025 
954174376 1063384271 1226293424 1547424078 1632900019 1968615718 
72363759 380850046 405313219 527971449 773786622 852926223 1881145652 1907744626 1946098847 2143348891 
499831318 652206946 710653717 1500553696 1822026865 2078957247 
310325232 646710706 1079530486 1571179443 1759571604 1861255914 
261656095 624326028 861009825 896392923 978957223 1074112704 1214846386 1973583998 